17644.3517
17658.0259
17668.5127
17675.2297
17679.9726
17684.9431
17690.5899
17695.2891
17701.3389
17705.6445
17709.6318
17713.3699
17717.8887
17722.019
17726.0088
17730.4636
17737.9161
17743.0431
17747.3563
17751.3862
17755.4915
17762.8697
17768.8498
17773.0835
17776.8399
17780.1107
17784.064
17787.2733
17790.4954
17793.7301
17796.6528
17800.3873
17803.5885
17806.7666
17809.8338
17813.3752
17817.1331
17820.8763
17826.0195
17830.1682
17834.4892
17838.0799
17841.8419
17845.5522
17851.3261
17855.1064
17858.2493
17861.4688
17864.5164
17868.2832
17871.3367
17874.3077
17878.1281
17880.8538
17884.9158
17887.829
17890.8977
17894.1164
17898.2586
17901.5875
17905.0653
17908.2023
17911.175
17914.2503
17917.852
17921.0951
17925.2505
17928.6171
17932.5537
17936.0783
17939.2162
17942.0027
17944.8843
17947.6463
17951.0105
17954.1557
17957.5095
17960.6169
17963.4509
17967.3711
17970.5793
17973.3735
17976.4954
17979.5946
17983.4071
17986.7528
17989.8341
17992.5677
17995.5185
17998.584
18002.0443
18005.005
18007.9943
18011.2941
18014.1803
18017.8022
18020.7108
18023.8874
18026.6649
18030.0247
18034.29
18037.3698
18040.4348
18043.8412
18046.7595
18050.5161
18053.8552
18057.454
18060.6289
18063.8839
18067.8423
18070.8792
18074.5937
18077.3988
18080.162
18083.5563
18086.4302
18089.3546
18092.837
18095.8348
18099.0266
18102.909
18105.7122
18108.7464
18111.4937
18114.8632
18118.7286
18122.0084
18125.0326
18127.8952
18131.3561
18135.1037
18138.2714
18141.0933
18144.0684
18146.8683
18150.2667
18153.36
18156.8255
18160.1466
18163.6148
18167.2055
18170.6535
18174.1172
18177.3684
18180.7143
18184.575
18187.9101
18191.1981
18195.2753
18198.2908
18202.7597
18205.6454
18208.9426
18212.655
18216.9722
18221.2098
18224.0539
18227.2862
18230.1874
18233.2714
18236.9008
18240.1352
18243.3838
18246.9205
18251.1702
18254.5132
18258.5606
18262.3121
18266.1605
18270.3941
18273.8446
18277.492
18280.499
18284.8759
18288.6857
18291.7573
18294.8146
18299.3872
18302.6474
18305.9914
18309.0414
18312.5458
18315.6046
18319.8148
18322.7187
18326.5679
18329.3744
18333.6285
18336.6274
18340.5225
18343.3943
18346.9746
18350.8495
18354.5717
18357.3774
18360.2685
18363.1058
18366.9123
18370.6789
18373.5699
18377.1712
18380.0438
18384.0465
18387.3556
18391.2123
18394.0437
18397.5232
18400.935
18403.9454
18407.4488
18410.5884
18413.4759
18417.058
18420.0965
18423.1317
18426.243
18429.1727
18432.1839
18435.6025
18438.5843
18441.7525
18444.8501
18447.7268
18450.8617
18453.7325
18456.4943
18459.4201
18462.4991
18465.6024
18468.972
18472.0963
18475.3295
18478.269
18481.5779
18485.0737
18488.1552
18490.8496
18493.8439
18496.5322
18500.0674
18503.0733
18506.0028
18509.1409
18512.2705
18515.56
18520.0124
18522.926
18525.811
18528.7779
18532.1824
18535.3393
18538.588
18541.6645
18544.5824
18547.4899
18551.0735
18554.2404
18557.1311
18560.009
18562.8018
18565.4006
18569.0768
18571.6973
18574.4479
18577.1027
18579.9528
18583.1421
18586.163
18588.8429
18591.7403
18594.4128
18597.6119
18601.3159
18604.8951
18607.9144
18610.8045
18613.5801
18617.3203
18620.4391
18623.331
18626.3185
18629.3183
18632.3606
18635.6271
18638.4246
18641.3739
18644.3539
18647.5089
18651.5782
18655.3572
18661.6429
18666.55
18671.2064
18675.1751
18679.5168
18683.7668
18687.799
18691.0961
18695.5398
18699.5668
18702.6631
18706.0723
18711.0015
18717.4687
18721.9394
18726.0907
18730.9041
18735.7572
18743.3946
18748.5254
18752.4876
18755.8173
18759.7985
18763.4934
18767.3946
18770.5535
18774.0033
18777.486
18782.7288
18786.7582
18789.8984
18793.0115
18795.9865
18799.6416
18802.9303
18805.8777
18808.6425
18811.5567
18814.4171
18817.7582
18820.5337
18823.4768
18826.1955
18829.2957
18832.3091
18835.6642
18838.4619
18841.3107
18844.1435
18846.8921
18850.3631
18853.9964
18857.2486
18860.5821
18864.3901
18868.2129
18871.306
18874.4596
18877.294
18880.0195
18883.4923
18886.331
18889.7047
18892.6477
18895.8718
18899.2188
18902.792
18905.992
18909.0059
18911.9276
18914.588
18918.0391
18921.0716
18923.9287
18926.9697
18930.119
18933.4417
18936.6237
18939.6538
18942.5692
18945.586
18948.468
18952.1727
18954.9576
18957.5876
18960.2362
18963.2087
18966.4579
18969.3677
18972.0226
18974.7673
18977.5356
18980.605
18984.0855
18987.1954
18989.8815
18992.5241
18995.7725
18999.1278
19002.6355
19005.3799
19008.3697
19011.0432
19013.9817
19017.3725
19020.3111
19022.9544
19025.8104
19028.5212
19031.2082
19034.9898
19037.8261
19041.0342
19044.1565
19047.5152
19051.2797
19054.4536
19057.3638
19060.2652
19062.9366
19066.1491
19069.1711
19072.0896
19074.7259
19077.6193
19080.7337
19084.357
19087.3729
19089.9567
19092.8856
19095.7146
19098.9268
19102.3064
19105.6829
19108.6621
19111.7114
19114.7714
19118.3388
19121.0932
19124.3691
19127.2733
19130.064
19133.573
19136.6448
19139.2117
19141.9525
19144.5834
19147.3568
19150.7825
19154.0237
19157.1276
19160.0143
19163.0725
19167.1016
19170.0908
19172.7695
19175.5569
19178.161
19180.9803
19184.8329
19187.8708
19190.5607
19193.5589
19196.2003
19199.5117
19202.5807
19205.4096
19208.5807
19211.4751
19214.1278
19217.6018
19220.5516
19223.462
19226.5652
19229.458
19233.2045
19236.3489
19239.1681
19242.1701
19245.2443
19248.1115
19251.8217
19254.7391
19257.8391
19260.6837
19264.1039
19267.3802
19270.3719
19273.2351
19276.0589
19278.7833
19281.4715
19284.9614
19287.8293
19290.6515
19293.4415
19296.6705
19300.3269
19303.5141
19306.5298
19309.717
19312.5484
19315.5137
19318.7568
19321.6298
19324.2648
19327.0254
19329.7734
19332.8304
19335.9019
19338.6211
19341.7354
19344.7515
19347.625
19351.1819
19354.1415
19357.007
19360.0239
19363.0818
19366.9217
19370.2756
19373.4146
19376.4474
19379.5072
19382.5048
19385.7351
19388.4558
19391.3266
19394.1296
19397.057
19400.6028
19403.5443
19406.3623
19409.1177
19412.0082
19414.7002
19418.3458
19421.1992
19424.1892
19426.8168
19429.5996
19432.9574
19436.6799
19439.4367
19442.5891
19445.3048
19448.1577
19451.6331
19454.5249
19457.7003
19460.517
19463.678
19467.3663
19470.3874
19473.0477
19475.8039
19478.7644
19482.0291
19485.34
19488.167
19491.0056
19493.4755
19496.3065
19499.7743
19502.7846
19505.501
19508.4656
19511.3558
19514.4336
19518.0377
19521.1142
19523.8928
19526.7927
19529.508
19532.6845
19535.942
19538.9016
19542.0211
19545.0977
19547.871
19551.5098
19554.3685
19557.3809
19560.2676
19563.5837
19567.6363
19570.6145
19573.3316
19576.1313
19579.1684
19582.4879
19585.8425
19589.807
19592.8914
19595.8213
19600.2511
19603.5539
19606.5866
19609.6269
19612.6784
19621.6155
19626.2054
19630.7506
19635.0733
19646.6424
19653.3588
19656.9973
19660.3575
19663.4239
19667.1207
19670.9165
19675.811
19679.7584
19683.5559
19687.7284
19691.0341
19694.1906
19697.1571
19700.598
19703.6508
19706.6792
19709.4333
19712.2911
19715.0425
19718.5536
19721.3358
19724.2694
19727.0286
19729.8639
19733.0485
19736.1079
19738.827
19745.6723
19749.7671
19752.65
19755.5472
19758.2568
19761.1045
19763.8234
19767.4227
19770.2133
19772.8765
19775.7064
19778.4412
19781.4139
19785.001
19788.5103
19791.3324
19794.3256
19797.4149
19800.9877
19803.8921
19806.7167
19809.4217
19812.8989
19816.2119
19819.4297
19822.2703
19825.2083
19828.2633
19831.362
19835.1824
19838.2571
19841.2262
19844.1574
19846.8659
19850.3814
19855.4278
19858.5662
19861.5481
19864.556
19867.9233
19870.8562
19873.681
19876.5909
19879.3758
19883.233
19886.3378
19889.188
19891.8751
19894.625
19897.6471
19901.0156
19903.8422
19906.5907
19909.6181
19912.381
19915.1365
19918.4343
19921.3055
19924.3157
19927.0854
19929.9351
19933.7516
19936.7034
19939.2962
19943.1455
19946.9616
19952.1582
19956.9376
19961.1366
19965.2337
19969.8222
19973.6304
19976.9963
19980.6043
19984.7714
19988.2331
19991.2241
19994.4068
19997.5994
20000.9972
20003.9727
20006.8859
20009.6813
20012.7612
20015.9367
20019.0778
20021.7387
20024.5365
20027.3595
20030.0816
20033.3235
20036.2491
20039.0522
20041.7554
20044.8354
20047.7666
20051.201
20054.1196
20057.1984
20060.3171
20063.1453
20066.2683
20069.3087
20071.9723
20074.8702
20077.6203
20080.4859
20083.4799
20086.7339
20089.7628
20092.4945
20095.1272
20097.9886
20101.324
20104.1065
20106.7161
20109.3061
20111.8459
20114.6843
20117.9821
20120.83
20123.7671
20126.9924
20130.7747
20134.3336
20137.3285
20140.29
20143.3234
20146.3907
20149.8428
20152.8798
20155.6706
20158.5646
20161.1989
20164.1499
20167.727
20170.7853
20173.4911
20176.417
20179.3528
20182.7856
20186.2063
20189.4086
20192.4933
20195.4687
20198.782
20202.0136
20204.8006
20207.738
20210.5295
20213.4494
20216.8564
20219.9481
20222.6766
20225.7178
20229.0229
20232.2865
20235.4574
20238.3014
20241.2087
20244.4388
20247.6468
20250.9467
20253.7899
20256.6419
20259.4239
20262.3769
20265.4152
20268.6652
20271.4214
20274.2123
20277.017
20279.7914
20282.6899
20285.7161
20288.8338
20291.6716
20294.569
20297.3495
20300.7118
20303.6913
20306.5722
20309.7718
20312.6762
20315.7691
20318.8745
20321.5908
20324.5851
20327.2058
20330.076
20333.8939
20337.3054
20340.3583
20343.3525
20346.0767
20349.2457
20353.0169
20355.8838
20358.6168
20361.2539
20364.1904
20367.5221
20370.6751
20373.6974
20376.827
20379.7711
20383.5555
20386.8943
20390.1044
20393.1285
20396.1428
20399.651
20402.685
20405.7804
20408.7418
20411.6061
20414.6674
20418.2232
20421.2041
20424.0749
20428.1164
20431.2307
20434.8721
20438.0555
20440.8823
20443.9775
20447.3208
20450.8227
20453.8019
20456.9125
20459.7995
20462.7036
20465.7891
20469.0617
20471.985
20474.8062
20477.6194
20480.4335
20483.7356
20486.639
20489.6523
20492.4285
20495.3586
20498.0662
20501.7057
20504.5824
20507.547
20510.6841
20513.4834
20516.8128
20519.9894
20522.8978
20525.954
20528.9108
20531.9899
20535.3783
20538.9831
20542.1071
20545.4516
20549.0302
20552.6845
20555.7359
20558.5563
20561.1661
20563.8611
20567.4662
20570.4067
20573.4387
20577.4242
20581.6953
20585.5491
20589.2836
20593.5585
20598.0344
20602.8847
20609.2323
20614.0832
20620.7522
20625.1732
20628.5425
20631.6149
20635.0419
20637.9288
20641.4901
20645.0493
20650.4449
20667.6242
24493.5454
24502.3817
24513.636
24520.2337
24529.5746
24536.8
24541.7039
24548.7333
24555.0915
24559.9666
24565.3299
24568.6531
24571.7826
24575.3515
24579.9157
24583.8394
24587.2679
24590.54
24594.0384
24597.2988
24600.8648
24605.0031
24609.9862
24616.6557
24621.6083
24624.7776
24629.3143
24632.6243
24635.7839
24639.0557
24643.8449
24649.7231
24652.8871
24656.9012
24659.989
24665.1251
24668.9163
24672.0718
24676.2855
24680.5106
24684.0714
24687.1128
24690.8101
24694.0779
24698.54
24702.1465
24706.3125
24709.695
24719.5484
24729.4642
24736.0173
24740.6464
24745.721
24749.9111
24755.3285
24760.2848
24765.7444
24769.7901
24772.6238
24776.5983
24779.9441
24784.2283
24789.1729
24793.6592
24797.7369
24801.031
24804.6132
24807.7016
24811.4944
24814.7214
24819.1787
24823.171
24827.2991
24830.8441
24834.0975
24837.3243
24840.241
24843.0343
24846.3667
24849.7792
24852.8427
24855.9973
24859.5246
24863.2851
24866.7226
24869.7007
24874.0371
24877.8616
24882.4331
24886.3478
24889.9303
24893.7164
24898.1932
24901.8297
24904.437
24907.7053
24910.6806
24914.9577
24919.1097
24922.1183
24925.621
24929.9329
24932.9901
24935.9605
24939.31
24942.1545
24947.2922
24951.018
24954.3987
24958.7473
24962.6433
24965.9307
24969.1036
24972.2473
24975.2553
24979.8682
24983.3634
24986.3058
24989.2802
24993.098
24997.2293
25001.3593
25004.6219
25007.5781
25010.4478
25014.4039
25017.2867
25019.9211
25022.9835
25026.2342
25030.0728
25033.6516
25036.958
25040.393
25043.4357
25047.84
25050.8037
25053.4427
25059.0995
25064.3005
25068.9428
25072.2879
25075.4834
25081.35
25085.5587
25092.4626
25097.3125
25100.35
25103.5514
25107.3806
25112.5311
25116.6435
25120.7262
25123.7643
25129.5239
25134.2817
25137.7412
25141.2691
25146.6099
25149.9727
25154.4603
25158.1983
25162.9638
25167.0009
25170.2869
25174.568
25177.9913
25181.5497
25184.5733
25188.1194
25191.3083
25195.1928
25199.399
25203.1899
25207.0965
25211.7641
25215.5463
25218.3353
25221.4486
25224.4119
25228.1591
25231.4533
25235.3304
25238.4456
25242.1446
25246.7414
25250.4965
25253.7662
25257.5776
25262.546
25267.5962
25270.6236
25274.4737
25278.3809
25281.3668
25284.1884
25287.1759
25290.3337
25293.546
25296.8062
25300.1316
25303.3564
25306.8273
25310.4981
25315.2709
25318.4679
25321.5488
25325.0691
25331.1883
25335.135
25338.271
25342.9317
25347.2193
25351.27
25355.1934
25358.4937
25364.1752
25368.418
25371.9453
25374.8798
25378.8612
25381.9095
25385.5015
25388.6983
25391.8254
25395.7042
25399.3414
25402.2759
25405.8605
25409.0792
25414.654
25420.4391
25424.0952
25428.7429
25433.1035
25435.9532
25438.8785
25442.0415
25445.7724
25449.0651
25451.7637
25455.436
25464.8863
25473.9738
25483.2265
25490.3418
25501.3735
25517.8827
25530.5489
25539.2566
25546.0724
25550.4174
25554.9264
25558.9656
25562.9771
25566.3659
25571.1821
25575.6357
25579.2408
25582.4479
25585.6198
25588.7982
25592.6505
25597.5909
25600.6274
25605.3999
25611.3749
25616.5227
25620.0128
25623.6625
25627.0502
25631.7358
25635.5824
25638.8351
25643.1884
25647.4788
25651.0703
25654.085
25657.6996
25660.8302
25665.1093
25668.6078
25672.3308
25675.9503
25680.6463
25685.671
25689.4485
25693.4946
25697.6209
25700.8637
25704.1883
25709.0606
25715.4147
25718.9609
25722.8969
25726.4338
25729.8729
25734.2197
25737.4981
25740.9811
25744.6695
25749.0604
25752.4848
25756.6996
25761.2531
25764.4081
25768.8314
25774.1753
25778.9475
25786.0039
25793.8221
25799.2367
25804.4482
25809.1562
25813.8149
25819.3052
25830.0779
25834.2275
25837.9557
25841.2163
25845.0189
25849.143
25854.1486
25858.3501
25862.7205
25866.232
25869.4906
25873.2473
25876.1498
25879.4667
25882.84
25886.4375
25889.7388
25893.2587
25896.7937
25899.7657
25903.3664
25906.821
25910.8006
25914.5948
25917.6687
25920.7314
25924.3565
25927.2797
25931.317
25934.1807
25937.5293
25940.5318
25944.6128
25948.3374
25951.741
25955.1536
25958.5743
25961.9347
25965.0447
25968.2155
25972.7819
25976.1212
25980.1453
25983.6945
25986.6779
25989.7634
25993.3365
25997.1183
26000.0853
26003.2316
26006.2349
26009.2952
26013.9394
26017.0883
26021.0677
26024.8597
26029.5837
26032.9956
26035.7067
26038.9682
26041.9523
26047.1666
26050.8168
26054.0148
26058.0648
26063.8655
26067.6196
26070.3394
26074.0447
26077.0681
26080.6737
26083.4008
26086.5375
26089.602
26093.9532
26099.175
26102.2523
26106.7654
26113.5979
26118.2031
26120.9637
26125.7539
26131.2778
26135.0978
26139.2386
26143.3937
26147.5234
26150.7777
26154.2941
26158.1273
26162.8048
26165.8813
26168.8311
26171.9678
26175.3932
26178.6903
26181.6393
26184.4483
26188.2108
26191.4454
26195.1117
26198.337
26202.083
26205.3191
26208.6429
26212.547
26215.7073
26218.9575
26224.0508
26227.8111
26230.7262
26233.8792
26236.7917
26240.0248
26243.6294
26247.0371
26250.2113
26253.4183
26256.464
26259.5203
26263.0642
26266.3507
26269.23
26272.2892
26275.3305
26279.6363
26282.6281
26285.8924
26288.6899
26291.7961
26295.478
26298.9722
26302.1378
26305.39
26308.1538
26311.8339
26314.7837
26317.6054
26320.5818
26323.7918
26327.2982
26330.4985
26333.7423
26336.6318
26339.7935
26343.2377
26346.4546
26349.4665
26352.506
26356.4418
26360.1361
26365.5197
26369.8882
26373.4655
26376.3378
26380.5204
26383.9696
26387.2009
26391.2713
26394.7352
26397.8279
26400.7059
26403.5679
26406.3582
26409.4486
26412.7277
26416.3033
26419.0125
26422.2842
26425.4598
26428.5889
26431.5774
26435.2006
26438.1517
26441.2257
26444.3557
26448.0477
26451.2149
26454.1849
26456.9895
26461.0913
26464.1861
26467.5266
26470.6914
26474.0449
26477.078
26480.351
26483.2024
26486.4456
26490.0286
26493.6774
26497.992
26501.6654
26504.7262
26507.9142
26511.1953
26514.8846
26517.9999
26521.2562
26524.3128
26527.3339
26530.5555
26533.2569
26536.1701
26538.8947
26542.9142
26546.5949
26550.4117
26553.3141
26556.7044
26559.6874
26563.3158
26566.045
26569.0806
26572.069
26574.9745
26578.2402
26581.2809
26584.5564
26587.6826
26591.3512
26595.2116
26598.5434
26601.8093
26605.2824
26608.5848
26612.4707
26615.6661
26618.6284
26621.6964
26625.3313
26629.1545
26632.0492
26635.2935
26638.075
26641.6309
26645.0452
26648.4608
26651.5102
26654.5369
26657.7553
26660.7976
26663.7885
26666.721
26670.0362
26672.9215
26675.8389
26679.2204
26682.5592
26685.6622
26688.4938
26691.3165
26694.253
26697.6322
26701.0529
26706.4875
26711.3654
26715.5029
26719.4809
26724.4568
26731.9956
26741.7961
26747.6665
26751.3439
26754.422
26757.3216
26760.7193
26764.7781
26768.3407
26773.4679
26778.0303
26781.5422
26785.6742
26789.3967
26794.1162
26797.5314
26800.846
26803.7288
26806.6407
26810.2124
26813.5864
26816.8521
26819.7566
26822.8124
26826.0935
26830.0116
26832.84
26836.4122
26839.5229
26843.0325
26846.3832
26849.7495
26852.7478
26856.1224
26859.1087
26862.4381
26865.5152
26868.6278
26871.6326
26874.9831
26878.5819
26881.7979
26885.2676
26888.3169
26891.4972
26895.3328
26898.6981
26901.6486
26904.6091
26907.8125
26911.793
26915.1072
26918.3448
26921.6024
26924.9722
26929.0616
26932.0811
26935.1641
26938.0298
26941.7418
26945.3449
26949.0563
26952.3075
26955.658
26958.9323
26968.8956
26972.4645
26976.8886
26981.8189
26986.2542
26990.7874
26995.674
26999.8249
27003.6623
27007.7059
27012.639
27016.6573
27020.869
27024.6869
27030.7816
27034.4682
27037.9915
27041.2434
27044.4995
27048.2185
27051.1347
27054.1544
27057.1526
27061.1924
27066.8125
27070.7801
27074.509
27078.5013
27082.5022
27086.266
27089.8817
27093.9327
27097.5077
27101.7229
27105.0819
27108.9319
27112.6172
27116.5245
27119.7594
27123.2238
27125.8855
27128.8769
27131.6641
27134.4903
27137.3006
27140.469
27143.4503
27146.6597
27149.7592
27152.6887
27155.614
27159.255
27162.5047
27165.594
27168.5341
27171.2268
27174.0788
27177.3023
27180.711
27184.1068
27187.7471
27191.199
27194.402
27197.577
27200.8504
27203.996
27207.1865
27210.6717
27214.3825
27217.7957
27220.8464
27224.062
27227.3796
27230.6538
27233.6998
27236.8994
27240.4414
27243.7606
27246.8959
27249.7562
27252.7141
27255.839
27259.1789
27262.3891
27265.7286
27268.7991
27271.8074
27274.9737
27279.5934
27282.4949
27285.656
27288.6558
27291.3939
27294.5796
27297.7258
27300.793
27304.4998
27308.1693
27311.5157
27314.8313
27318.5638
27321.7048
27324.3424
27328.2348
27331.0973
27334.467
27337.7121
27341.6677
27345.6722
27348.5226
27351.5056
27354.6306
27357.4719
27360.7758
27363.8134
27366.571
27369.553
27372.438
27375.4204
27378.8017
27382.5914
27385.7599
27388.7901
27391.699
27394.6415
27397.6556
27400.3944
27403.738
27406.4695
27409.3133
27412.4075
27416.2003
27418.9919
27422.262
27425.9525
27430.211
27433.5987
27436.658
27440.0504
27443.3977
27447.5445
27450.4506
27454.1044
27458.4351
27462.6567
27466.1317
27469.8489
27473.0785
27476.8588
27480.3361
27484.2197
27487.019
27490.8887
27494.7411
27498.3041
27501.7339
27504.9489
27508.0715
27511.8582
27514.8795
27518.6757
27521.9342
27525.8922
27529.2373
27533.5011
27537.8283
27540.8697
27545.0643
27547.999
27550.7507
27554.1436
27556.7245
27559.9721
27563.715
27567.2033
27570.6377
27574.7883
27578.9351
27583.3052
27586.6327
27589.4954
27592.9273
27596.0962
27599.2697
27602.2302
27605.2481
27608.4918
27611.8093
27615.07
27618.0854
27621.7931
27625.1898
27629.1083
27632.2485
27635.3971
27638.7334
27643.1416
27646.797
27649.7503
27652.6164
27656.2156
27659.6382
27663.3511
27666.2268
27668.9728
27672.041
27675.1828
27679.3039
27682.2349
27685.2118
27687.9138
27691.3619
27694.4561
27698.1906
27701.0903
27704.1921
27707.1062
27711.8586
27715.3442
27718.6695
27721.4564
27724.9053
27727.897
27731.0714
27736.1402
27742.9386
27749.1836
27753.4877
27757.4034
27762.989
27771.592
27779.0489
27782.7782
27786.5541
27790.4231
27794.7769
27798.1675
27802.1496
27808.0682
27811.8996
27815.5552
27819.8427
27823.6084
27827.244
27832.1347
27835.1633
27838.5848
27841.8058
27845.7376
27848.9876
27852.5847
27855.6867
27860.2011
27864.0588
27867.2508
27871.0044
27874.428
27877.9968
27881.4278
27885.0106
27888.5003
27891.3898
27895.6701
27898.8801
27902.1954
27905.1215
27908.999
27912.8175
27928.5696
3016.6255
3024.0262
3031.3024
3037.1606
3044.6363
3050.4283
3054.7679
3059.0865
3064.3799
3069.89
3073.7287
3080.2333
3085.0131
3089.0602
3092.3512
3097.2147
3100.9227
3104.3984
3108.2021
3112.8039
3116.1044
3119.406
3122.9566
3126.8328
3130.7052
3134.2063
3137.9363
3142.4319
3146.4864
3149.7208
3152.9831
3156.5328
3162.3045
3167.1189
3170.78
3174.5542
3178.76
3182.2595
3186.1443
3189.7257
3193.6172
3197.4503
3200.4434
3204.1061
3207.2429
3211.3494
3215.1088
3218.7987
3222.1985
3225.4527
3229.4114
3232.7837
3235.9786
3239.0392
3242.9453
3246.368
3249.6033
3253.6297
3256.8089
3260.0678
3263.8637
3267.2094
3270.3401
3273.9608
3278.669
3284.1845
3290.1806
3295.3423
3300.1251
3304.0166
3308.2659
3315.9724
3321.4758
3326.5801
3330.2958
3333.6808
3337.1082
3340.2084
3343.7432
3347.3313
3350.4023
3353.6033
3356.8697
3360.53
3365.9019
3370.5452
3375.7811
3383.3881
3388.4345
3393.0574
3397.3194
3401.121
3405.921
3410.2357
3413.687
3417.0177
3420.1652
3423.81
3427.2201
3430.5876
3434.1168
3437.3751
3440.9773
3444.1784
3447.4742
3451.1714
3454.7261
3458.2138
3461.8692
3465.2009
3468.2895
3471.4076
3474.3226
3478.112
3481.5101
3485.3664
3488.5918
3491.7601
3495.3603
3498.5457
3502.1521
3505.4281
3509.1291
3512.8545
3516.1678
3519.1773
3522.2465
3525.3322
3529.0239
3532.2111
3535.4465
3538.5827
3541.7752
3545.7873
3549.4262
3552.7291
3556.433
3560.1747
3564.2674
3567.6361
3570.7208
3573.5688
3576.7803
3580.0329
3583.9543
3587.6129
3590.6336
3593.4608
3596.859
3600.2057
3604.6806
3607.7932
3611.1407
3615.1056
3619.2187
3622.8241
3627.0374
3631.5706
3636.3222
3640.3455
3646.4014
3651.1316
3654.5062
3657.8628
3663.5478
3667.2123
3671.5039
3675.7791
3679.912
3683.5216
3687.3488
3690.8582
3695.0331
3699.3552
3703.4987
3706.5941
3710.7685
3714.7761
3718.6463
3722.4113
3727.5442
3732.7081
3736.8614
3741.6305
3746.5577
3751.2407
3754.7729
3758.0832
3762.3721
3766.6844
3770.213
3773.9842
3777.7098
3781.1926
3784.4114
3787.8966
3791.1423
3795.4219
3799.1339
3803.0553
3806.9009
3810.8315
3814.9887
3818.1202
3821.6419
3825.3421
3829.4786
3832.8534
3836.7657
3840.0168
3843.255
3846.7483
3850.0062
3853.1051
3856.2113
3859.878
3863.1389
3866.3088
3869.5104
3873.3253
3876.9913
3880.5915
3883.8976
3887.8017
3890.9342
3895.3994
3899.6374
3903.302
3906.6515
3910.1556
3914.2527
3918.02
3921.9558
3925.5572
3929.8045
3933.9672
3936.974
3941.2006
3946.0677
3951.2104
3956.4095
3961.2435
3965.6128
3969.5079
3973.3939
3977.5235
3980.8994
3984.8698
3988.3342
3991.8818
3996.2864
3999.4979
4003.282
4006.7539
4010.2238
4014.0737
4017.0389
4020.5348
4023.7065
4028.205
4031.8433
4034.8971
4037.7819
4041.0745
4045.3279
4048.6409
4053.1047
4056.4521
4059.6069
4063.2256
4066.9179
4069.8605
4072.8345
4075.8737
4079.8401
4083.4413
4086.801
4090.2078
4093.5581
4096.8752
4100.2293
4103.4625
4107.1401
4112.5236
4115.6514
4118.6162
4121.8448
4124.947
4128.8769
4131.8215
4134.7393
4138.6417
4142.5278
4147.0457
4149.9412
4152.7027
4155.5469
4158.2905
4161.2119
4164.6635
4167.3826
4170.3159
4173.305
4175.972
4180.4331
4183.6371
4186.4763
4189.1872
4192.1555
4196.0958
4199.0949
4201.7438
4204.8538
4207.6207
4211.1358
4214.2038
4217.3145
4220.3385
4223.3853
4226.177
4231.4316
4234.3564
4237.1704
4240.8067
4244.3855
4249.4529
4252.7007
4256.285
4259.0186
4264.3308
4267.8153
4270.7642
4274.0946
4277.6552
4282.0397
4285.1719
4287.8494
4291.5074
4295.2617
4298.2843
4300.9464
4303.963
4306.7571
4309.8674
4313.307
4316.9146
4319.7098
4322.5229
4326.0177
4332.6176
4337.098
4340.7448
4346.4316
4350.7813
4353.7644
4356.6238
4361.1317
4365.815
4369.103
4372.4474
4376.6354
4380.7099
4383.7042
4387.3383
4390.3281
4394.2887
4398.3203
4402.2539
4405.8519
4408.9874
4413.3097
4416.3506
4419.4522
4422.8762
4425.9879
4429.81
4432.8934
4437.0229
4440.7303
4444.5266
4448.0207
4451.4076
4454.7793
4458.427
4462.0362
4465.2394
4468.141
4471.2086
4474.4095
4478.1358
4481.3052
4484.8917
4488.0515
4491.4752
4494.8822
4498.2977
4501.475
4504.8517
4507.9146
4511.6122
4515.0033
4518.211
4521.7668
4525.0919
4529.1179
4532.5151
4535.8571
4539.0532
4542.0973
4546.8913
4550.0351
4553.3941
4556.9488
4561.1738
4565.0519
4568.2194
4571.3378
4574.9035
4579.1909
4582.8028
4586.3367
4589.3526
4592.3553
4595.8427
4598.9678
4602.3339
4605.3483
4608.9998
4612.7498
4616.0332
4619.0987
4622.1636
4625.0936
4628.7328
4631.7645
4634.804
4637.7087
4640.9368
4644.1558
4647.7301
4650.5387
4653.5811
4656.5012
4659.97
4663.6314
4667.0663
4669.9683
4673.7
4677.549
4681.7114
4685.2186
4688.4369
4691.7015
4695.6432
4699.25
4703.0948
4706.0695
4709.4555
4713.0119
4716.0937
4719.0198
4722.1183
4725.2744
4728.6626
4731.757
4734.7287
4737.9994
4741.2565
4745.1382
4748.5672
4752.6349
4789.9745
4795.5677
4803.0596
4814.4149
4818.9725
4822.6748
4826.5551
4832.182
4835.8081
4839.3478
4844.429
4849.1186
4852.4044
4856.1705
4859.6228
4863.3699
4866.592
4869.7569
4872.9097
4875.9561
4879.4678
4882.7637
4885.8009
4888.8107
4891.9878
4895.4352
4899.1429
4901.9156
4905.2809
4908.4451
4912.4357
4915.9922
4918.9977
4921.9853
4925.0019
4928.4334
4932.2568
4935.4897
4938.5086
4941.6347
4945.119
4948.263
4951.111
4954.1354
4957.4664
4961.5188
4964.9546
4967.9927
4971.2066
4974.089
4978.954
4982.0342
4984.6946
4987.8119
4990.4717
4993.4306
4996.7948
4999.8885
5003.3899
5006.211
5009.3994
5013.4553
5016.7071
5019.3465
5022.6712
5026.5555
5031.5702
5034.7476
5037.7576
5040.8259
5044.5336
5048.0224
5051.3515
5055.145
5058.3552
5062.4377
5065.8047
5068.9885
5071.866
5074.6895
5078.2515
5081.2216
5083.9235
5087.2379
5090.0809
5093.0093
5097.2801
5100.7627
5104.1523
5106.9142
5111.0697
5114.312
5117.2637
5119.8045
5122.6804
5125.2887
5128.7879
5131.7261
5135.3311
5138.7279
5142.0184
5147.1536
5151.9914
5155.2285
5158.9014
5164.2865
5167.5688
5170.8292
5174.2167
5179.1819
5183.702
5186.6487
5190.6049
5195.6248
5199.6
5202.4149
5205.8567
5208.7286
5212.9921
5215.9659
5218.5676
5221.2321
5224.6042
5228.2641
5231.4613
5234.1998
5237.3291
5239.8446
5243.5484
5247.2369
5250.0644
5252.7194
5255.8544
5258.592
5262.7657
5265.9028
5269.0433
5272.5265
5276.1903
5280.2758
5283.5496
5286.2343
5289.0082
5291.8432
5296.2629
5299.5385
5302.6257
5305.5029
5308.1702
5312.0639
5314.9922
5318.3058
5320.8341
5324.1057
5327.2103
5331.0826
5333.8115
5336.5902
5339.4292
5343.0898
5347.996
5351.8502
5355.3537
5358.9762
5367.5573
5371.1952
5375.2142
5379.6888
5384.0139
5387.7515
5391.26
5395.7547
5399.5905
5402.6093
5406.0575
5409.7171
5413.8839
5417.2951
5420.7523
5423.9678
5427.1063
5430.5651
5433.5201
5436.7087
5439.6587
5444.1111
5447.2316
5450.8426
5454.4345
5458.3172
5462.3838
5465.5677
5468.6516
5471.8244
5475.0066
5479.4072
5482.5853
5485.7336
5489.5055
5492.9129
5496.4353
5499.75
5502.9317
5506.221
5509.4483
5512.9349
5516.1792
5519.3188
5522.6968
5526.2387
5529.7397
5533.2349
5536.4872
5539.6855
5543.2853
5546.7532
5549.8148
5553.2063
5556.3844
5559.4262
5562.9203
5566.1961
5569.6446
5573.061
5576.7156
5579.8372
5582.9122
5586.3553
5589.5477
5592.8986
5596.5456
5599.5465
5603.0588
5606.3245
5609.5522
5613.1585
5616.6634
5619.7168
5622.9155
5626.2214
5629.9752
5633.8198
5636.933
5640.313
5644.0845
5647.4462
5650.4625
5653.4049
5656.5042
5659.6663
5663.1558
5666.5022
5669.5608
5672.8868
5676.0581
5679.568
5682.9279
5686.1393
5689.9751
5693.8668
5697.1088
5700.1643
5703.1634
5706.5459
5710.1842
5713.4952
5716.7255
5720.2128
5723.8344
5727.0428
5731.0044
5734.5273
5738.302
5741.0906
5744.382
5747.5406
5750.6159
5753.8021
5757.5527
5761.1002
5763.9623
5767.0972
5770.4706
5773.2169
5775.8926
5779.0157
5781.8586
5785.1448
5787.9878
5791.4181
5794.5802
5797.3611
5800.6126
5803.3772
5806.8796
5809.7602
5813.2791
5816.976
5820.5264
5823.6509
5827.1104
5830.6686
5834.0397
5837.3753
5840.9387
5844.596
5848.6858
5852.2334
5855.4591
5858.8318
5862.9809
5865.9887
5869.2847
5872.4985
5875.723
5879.1141
5882.3487
5885.2708
5888.1523
5891.1157
5894.2273
5897.8477
5901.2141
5903.9618
5907.2647
5910.4747
5913.5826
5916.7526
5919.6849
5923.168
5926.8865
5930.0293
5932.8591
5935.6576
5938.9563
5941.9293
5945.5917
5949.1558
5955.6528
5960.4675
5964.679
5969.0447
5973.1674
5976.7039
5980.7115
5985.4162
5989.2886
5993.1185
5997.7292
6002.4285
6006.6688
6010.3365
6013.9479
6017.8435
6021.2432
6024.5255
6028.1912
6032.1184
6035.122
6038.2175
6041.5768
6045.5925
6048.6542
6052.1325
6054.9761
6058.1024
6061.6981
6065.3643
6068.1898
6071.5575
6074.8641
6078.3522
6081.3785
6084.525
6088.2972
6091.9479
6095.386
6099.0697
6102.7563
6106.2673
6109.3377
6113.2746
6116.5907
6120.0951
6123.4035
6126.9856
6130.4859
6134.1982
6137.5523
6141.3736
6145.2314
6151.6017
6156.1303
6160.4086
6165.5985
6169.4337
6173.9817
6181.0179
6186.2739
6192.3617
6198.3624
6202.6476
6206.2249
6209.6877
6213.1454
6216.1632
6219.3064
6222.2416
6225.3438
6229.4018
6233.2162
6237.8857
6242.2642
6246.5448
6250.5241
6254.178
6257.7651
6261.8364
6264.8883
6268.5023
6271.2
6274.1393
6277.2092
6280.4574
6283.4604
6286.5504
6289.5551
6292.8688
6296.0554
6299.14
6302.5842
6306.2163
6309.4744
6312.9804
6316.6936
6320.0925
6323.5645
6326.8206
6342.6339
3548.3
3556.9671
3565.2227
3577.5272
3582.4971
3589.0505
3594.3676
3599.8204
3606.0528
3610.0949
3615.4531
3619.3871
3624.2953
3627.6766
3631.2405
3634.983
3638.96
3642.1736
3646.2308
3649.616
3653.0418
3656.3773
3660.007
3663.5728
3667.2491
3670.8467
3674.4991
3679.0044
3682.4378
3686.0101
3689.328
3692.7054
3696.2538
3699.5308
3703.1035
3706.3623
3709.7233
3713.0455
3716.0169
3719.9744
3723.4478
3726.6957
3730.3983
3733.6351
3737.3237
3740.6718
3744.1681
3747.6575
3750.8771
3754.7041
3757.6779
3761.1692
3764.8261
3768.1484
3771.7643
3775.343
3778.839
3782.2799
3785.7609
3789.6775
3793.1622
3796.8293
3800.118
3804.5159
3808.2873
3811.483
3814.7963
3818.1973
3821.9573
3825.331
3828.7087
3831.7204
3835.455
3839.5169
3842.8319
3845.8639
3849.2622
3852.6101
3855.9772
3859.1592
3862.4737
3865.8836
3870.785
3875.1165
3878.758
3882.3835
3886.1779
3890.4263
3893.576
3896.676
3900.072
3903.8721
3907.035
3910.7328
3914.0866
3917.2846
3921.0617
3925.8536
3930.2163
3934.3782
3938.761
3943.1004
3947.9143
3952.8172
3957.1373
3961.0543
3965.4885
3970.4139
3973.8463
3977.2843
3980.5383
3983.8352
3987.1181
3990.355
3994.0063
3997.6363
4001.2263
4004.6611
4007.7115
4011.1437
4014.902
4018.4217
4022.0092
4025.2794
4028.9954
4032.3929
4036.5042
4040.0681
4043.6284
4046.9343
4050.1427
4053.7713
4057.1241
4060.4093
4063.7328
4067.5378
4071.6963
4075.0025
4077.8954
4081.4429
4084.5322
4088.582
4092.2864
4095.4438
4098.2903
4101.5652
4105.2452
4108.5902
4111.8458
4115.4641
4118.9965
4122.9077
4126.2486
4129.2629
4132.4164
4135.8443
4139.1
4142.0651
4145.4199
4148.4527
4151.7512
4155.2664
4158.2489
4161.1417
4164.2469
4167.3446
4171.1424
4174.4099
4177.3855
4180.2468
4183.3196
4187.1978
4190.6716
4193.7789
4197.514
4201.1901
4205.064
4208.5397
4211.7427
4215.4217
4218.9754
4222.9487
4226.5744
4230.3167
4233.3956
4237.4114
4240.5757
4243.9808
4247.4859
4250.6847
4254.3466
4257.4898
4260.6257
4263.7227
4266.9452
4270.6625
4273.6144
4276.5996
4279.4574
4282.4553
4285.9421
4289.5072
4292.9715
4296.023
4299.2268
4303.5338
4306.9998
4310.3785
4313.5669
4317.0591
4321.5276
4324.9681
4328.3932
4331.5081
4334.7975
4339.4097
4342.7701
4346.1636
4349.4611
4353.5154
4356.5239
4359.6049
4362.724
4366.0785
4370.3208
4373.5211
4376.8379
4379.8337
4383.1107
4386.7114
4390.0463
4393.3114
4396.6127
4399.8792
4404.0686
4407.6249
4411.3904
4415.1483
4418.5261
4422.0229
4424.9304
4427.6669
4430.8643
4433.819
4438.4477
4442.7014
4446.0731
4449.0971
4452.8542
4456.8762
4459.9356
4463.0455
4466.3714
4470.1771
4473.3764
4476.8491
4480.352
4488.4041
4496.1277
4501.1629
4505.7118
4510.1053
4514.3834
4519.4862
4525.043
4533.9326
4538.612
4541.8613
4545.2312
4548.703
4552.5403
4557.2593
4561.862
4565.662
4569.8679
4573.3762
4576.9237
4580.3353
4583.6398
4587.2225
4590.2054
4593.3841
4596.3239
4599.3482
4602.5325
4605.985
4609.1468
4612.3936
4615.5207
4618.6801
4622.4195
4626.1479
4629.6558
4632.7034
4636.0703
4639.2148
4642.0458
4645.1368
4648.1958
4651.3101
4654.8904
4658.0486
4661.0626
4664.2755
4667.7491
4671.7938
4675.1709
4678.3925
4681.5376
4685.1684
4688.9132
4692.8395
4696.5612
4700.0658
4704.728
4708.56
4712.391
4715.5421
4719.1217
4722.7147
4725.7511
4728.5702
4731.2742
4734.2929
4738.5029
4742.1
4745.1783
4748.4464
4751.4022
4755.1649
4758.185
4761.3773
4764.7206
4768.1515
4771.7543
4774.9598
4777.8513
4781.2854
4784.0623
4787.8121
4790.8208
4793.9378
4796.8757
4799.7995
4803.2087
4806.5216
4809.4223
4812.3602
4815.7236
4819.574
4823.2142
4826.6857
4829.9045
4832.9522
4836.7117
4840.1281
4843.3485
4846.4275
4849.6786
4853.2097
4856.5206
4859.3701
4862.2451
4865.1108
4867.9535
4871.6908
4874.8787
4877.6606
4881.0184
4883.8949
4888.9189
4892.2234
4895.1027
4898.5995
4901.7282
4906.7969
4910.7267
4913.7013
4917.4221
4922.2544
4925.7323
4928.8165
4932.04
4935.25
4938.8517
4941.8402
4944.7355
4947.7304
4950.5559
4954.3769
4957.2456
4960.259
4963.2328
4966.2359
4970.1503
4973.2823
4976.3928
4979.211
4982.1384
4985.0487
4988.8609
4991.6666
4995.0423
4998.1374
5001.1458
5005.0687
5008.2067
5011.0822
5014.1748
5017.6471
5021.4435
5025.1581
5028.6571
5031.5251
5035.273
5039.4862
5042.5242
5045.4642
5048.7241
5052.1629
5055.6926
5059.001
5062.0053
5064.8829
5068.0602
5072.2801
5075.2499
5078.5612
5081.5909
5084.5294
5088.904
5092.1781
5094.9857
5097.9636
5101.1846
5105.6566
5108.8326
5112.4163
5116.0344
5119.9583
5123.7324
5126.8008
5130.4954
5133.481
5137.6587
5140.7037
5143.5446
5146.3847
5149.4439
5152.6747
5156.7125
5159.5184
5162.5805
5165.4782
5168.7167
5173.2251
5176.3172
5179.1479
5182.4399
5185.713
5189.6371
5193.1869
5196.1517
5199.3896
5203.7444
5206.8668
5210.0562
5212.9372
5216.0969
5219.9834
5223.2555
5226.1264
5229.2304
5232.041
5235.0794
5238.6607
5241.5895
5244.6165
5247.549
5250.4761
5255.5747
5258.8995
5262.2579
5265.5861
5270.1422
5275.743
5280.2112
5284.8742
5289.0014
5293.5166
5298.0519
5302.133
5305.6993
5310.3762
5314.9055
5318.0614
5321.5282
5324.3898
5327.725
5330.9335
5333.9356
5337.5763
5340.9212
5343.7278
5346.765
5349.7463
5353.4411
5356.5028
5359.4507
5362.278
5365.3545
5368.6026
5372.0447
5375.2343
5378.5745
5381.9946
5385.0911
5388.3568
5391.3686
5394.111
5397.6212
5400.6624
5404.5458
5407.7767
5411.0135
5414.8827
5418.2666
5422.115
5425.1369
5428.037
5431.2484
5434.0435
5437.7955
5440.679
5443.649
5446.446
5449.4248
5452.6851
5456.2132
5459.5016
5462.5139
5465.6128
5468.8506
5472.1196
5475.0484
5478.0591
5480.6899
5484.0017
5488.0443
5490.9549
5493.7149
5496.6752
5499.5819
5504.4017
5508.2087
5511.3717
5514.8358
5518.2243
5523.579
5526.6759
5529.8364
5532.7154
5535.9953
5539.9514
5543.0872
5546.2577
5550.7491
5556.6314
5559.4913
5562.3068
5565.2273
5567.8549
5571.7334
5574.5921
5577.595
5581.2928
5584.2771
5588.2563
5591.5702
5594.4217
5597.3524
5600.8001
5606.3005
5610.4405
5614.0101
5617.207
5623.4346
5627.1609
5630.086
5633.1083
5639.1143
5642.799
5646.3296
5649.943
5653.4279
5657.039
5660.9651
5664.8653
5669.0219
5672.9277
5676.7195
5680.7011
5685.6553
5693.9694
5698.521
5703.2364
5707.9965
5711.1469
5714.1901
5717.8113
5723.7176
5726.4957
5729.3945
5732.9242
5736.7863
5740.0564
5743.1067
5745.9228
5748.8739
5752.3554
5757.4314
5760.6877
5763.6538
5766.8934
5771.2643
5775.383
5778.7733
5782.2325
5786.1915
5789.6593
5793.2047
5796.6172
5799.761
5804.1842
5807.721
5810.836
5814.2389
5817.849
5823.2791
5826.64
5829.5384
5833.2874
5837.7157
5841.1797
5844.5779
5847.7418
5851.263
5857.56
5861.2449
5865.0894
5869.0722
5873.0399
5876.4366
5880.5903
5884.1209
5890.8609
5894.0009
5896.8703
5899.8905
5903.6189
5906.9966
5910.233
5913.114
5916.9351
5924.2241
5927.9465
5932.1216
5936.0722
5939.9236
5943.6979
5947.442
5951.1857
5956.6503
5960.2078
5963.2126
5966.1244
5970.9792
5974.3566
5977.3623
5980.3024
5984.442
5989.0119
5992.2058
5995.8436
5999.5573
6004.5562
6008.5451
6012.005
6015.5485
6019.1893
6023.2726
6026.4268
6029.6406
6033.3342
6039.4275
6043.1873
6046.42
6050.0581
6056.7979
6060.5882
6065.4517
6070.683
6074.5464
6078.9781
6082.8072
6087.0195
6090.5839
6094.8682
6098.7695
6103.7257
6107.8212
6111.6586
6115.6676
6120.7024
6124.4384
6127.5939
6130.7034
6133.8434
6138.0605
6141.315
6144.2365
6147.2821
6150.4341
6154.3066
6157.7753
6160.989
6164.8211
6168.5289
6172.2342
6175.9593
6179.9937
6183.474
6187.2487
6191.0122
6194.5861
6198.2938
6202.8097
6207.3164
6210.591
6214.4301
6217.9511
6222.9119
6226.1696
6229.533
6232.7467
6236.1641
6239.6342
6243.0462
6246.2701
6249.1288
6252.2863
6255.6168
6258.8012
6261.9846
6264.8799
6268.2438
6272.1238
6275.5212
6278.492
6281.8021
6284.8423
6290.0254
6294.67
6298.5479
6303.3437
6308.3417
6312.0241
6315.7081
6320.3887
6323.854
6327.0972
6330.2018
6333.4442
6337.0603
6340.2104
6343.3317
6346.2228
6349.3311
6353.0158
6356.9271
6359.9141
6362.9265
6365.7458
6368.9221
6372.0682
6375.0778
6378.0105
6381.0376
6383.8526
6387.2771
6390.2498
6393.2649
6396.1101
6399.313
6403.0151
6406.2673
6409.5392
6412.5275
6415.8033
6419.6323
6422.8738
6426.3464
6429.3556
6432.3785
6435.4343
6438.9887
6442.354
6445.612
6448.8988
6452.5283
6455.8783
6461.1687
6464.4355
6467.3118
6471.0164
6474.2869
6477.4347
6480.289
6483.3551
6487.353
6490.676
6493.5579
6496.4367
6499.4224
6502.4459
6505.8349
6508.6035
6511.6658
6514.5468
6517.5537
6521.6166
6524.9555
6528.0984
6531.1472
6533.995
6538.1508
6541.7121
6546.0822
6553.3225
6557.3927
6561.9187
6566.4303
6571.1121
6575.0463
6579.4764
6584.0409
6594.3554
6598.289
6602.4811
6605.8928
6610.4111
6616.9906
6622.0875
6634.3272
6639.6737
6643.6405
6647.6738
6651.7669
6656.3065
6659.7315
6662.664
6665.7148
6668.6679
6671.9733
6675.1534
6678.2947
6681.3283
6685.1082
6688.4025
6692.1614
6695.3147
6698.669
6702.0075
6705.7507
6709.0352
6712.1396
6715.3383
6719.1149
6722.4338
6725.8806
6729.4785
6732.8976
6736.6978
6739.999
6743.1797
6746.0201
6749.241
6752.2914
6755.6922
6758.8685
6761.983
6764.8488
6767.9536
6771.5558
6775.0595
6778.1044
6781.9833
6785.0057
6788.5425
6791.7534
6794.9863
6798.0159
6801.1399
6804.5456
6807.6183
6810.6596
6813.6763
6816.8985
6821.2124
6833.9382
24070.8007
24085.9195
24095.6527
24104.2657
24111.249
24119.6593
24129.5191
24140.3732
24150.903
24163.5349
24176.3639
24187.4697
24197.0402
24208.8681
24218.4884
24228.9124
24238.3784
24246.1343
24256.9629
24270.7206
24284.7543
24294.9774
24309.2403
24321.3216
24331.8994
24342.2295
24353.3369
24362.8352
24371.4993
24383.2606
24392.884
24402.4291
24412.1417
24422.7632
24431.4303
24441.9346
24452.274
24460.9895
24470.1992
24479.1661
24536.0277
24546.0953
24557.9307
24570.9606
24583.2547
24595.3502
24611.205
24695.3813
25688.8143
26701.175
8191.9515
8210.5125
8224.781
8235.8165
8249.6411
8261.4038
8271.073
8282.9353
8290.7802
8298.2205
8305.8068
8313.663
8320.2914
8325.4275
8330.3152
8334.7209
8339.8993
8346.1509
8351.2765
8355.4881
8360.3165
8365.5139
8370.6291
8376.6433
8383.2954
8390.8211
8398.9467
8406.5247
8413.3252
8421.4909
8428.1549
8434.1731
8439.4277
8444.2454
8449.1052
8453.6661
8459.5913
8464.3406
8468.6537
8473.1114
8477.87
8483.7207
8489.5027
8494.419
8499.4821
8505.5164
8511.2281
8517.6584
8522.1352
8526.5085
8531.7696
8536.0829
8540.7747
8545.7821
8550.3582
8555.0799
8560.284
8567.7973
8574.5696
8580.3627
8587.9596
8592.1078
8596.2096
8604.1069
8609.4937
8618.5357
8623.6303
8633.5027
8646.5283
8655.022
8659.3705
8665.5988
8672.0107
8678.995
8684.8492
8689.2981
8693.8423
8699.6491
8704.6765
8709.6094
8714.2886
8718.9943
8723.964
8728.5784
8733.0342
8736.7548
8743.188
8748.171
8752.6561
8757.2748
8761.642
8767.5631
8772.5321
8777.0547
8782.3606
8786.412
8790.9402
8795.4992
8799.8425
8804.4964
8808.8635
8813.4412
8818.0246
8823.3567
8829.9622
8839.519
8852.0491
8865.6134
8871.0723
8878.8406
8888.0172
8896.3681
8904.0183
8909.8095
8914.5075
8918.6103
8924.9516
8929.7119
8934.1549
8937.7098
8941.6936
8945.658
8949.7704
8953.3644
8957.1682
8961.2271
8966.0289
8970.1807
8974.0471
8978.8574
8983.3427
8987.2514
8992.0537
8996.9458
9003.6491
9009.4001
9014.3477
9019.6401
9024.6349
9030.4596
9037.6446
9042.6686
9050.9018
9059.6574
9071.2761
9084.92
9096.1421
9102.0361
9106.35
9110.5198
9115.7137
9119.727
9124.3299
9128.3645
9132.8692
9137.3067
9141.4415
9145.5688
9149.8207
9154.2566
9158.6288
9162.8991
9167.3463
9171.0923
9175.4899
9179.5952
9184.2167
9188.3837
9192.8799
9197.9707
9202.8511
9206.8675
9211.613
9216.9636
9221.507
9226.3372
9231.7854
9237.2799
9242.1774
9246.718
9251.5552
9255.8531
9260.6433
9266.1051
9269.8579
9273.8495
9280.9261
9288.447
9292.916
9298.6704
9302.984
9307.9836
9313.1481
9317.441
9321.4504
9325.8848
9330.2139
9334.4723
9338.5013
9342.8842
9347.8548
9351.9205
9355.5488
9359.5396
9363.9872
9368.5763
9373.2386
9377.8149
9383.138
9387.412
9391.5158
9395.7392
9400.0091
9404.98
9410.2858
9416.5084
9422.2651
9427.2685
9432.4045
9437.6764
9443.2623
9449.9497
9454.6953
9460.8314
9467.5374
9472.4763
9477.3397
9482.0023
9486.0041
9489.7691
9493.6567
9498.0386
9502.3062
9507.0071
9512.5557
9517.4885
9521.7893
9525.7356
9530.7525
9535.5685
9539.4925
9543.6161
9548.146
9552.2504
9556.2067
9560.0482
9564.6002
9568.4479
9572.7516
9576.877
9581.9793
9586.136
9590.3676
9595.0664
9599.3556
9603.8473
9608.2868
9612.3549
9616.4622
9624.0092
9631.809
9641.8852
9657.9786
9667.7682
9681.6173
9690.5053
9698.1203
9703.2882
9707.7591
9712.625
9720.1963
9724.9372
9728.7562
9738.139
9748.2811
9752.7418
9758.1556
9765.7376
9769.9707
9773.9314
9778.078
9782.1568
9786.4768
9790.7419
9795.4225
9801.8925
9807.7533
9813.5541
9818.7603
9822.928
9827.955
9832.431
9836.2989
9840.3311
9844.5832
9848.774
9852.7157
9856.3174
9859.8498
9864.0884
9868.2381
9873.2189
9877.3916
9883.5182
9889.6871
9894.5345
9899.8825
9904.6051
9908.8591
9912.7075
9917.0673
9920.7047
9928.2937
9934.5108
9939.2759
9943.0142
9947.7801
9951.8848
9956.4352
9960.3739
9964.876
9968.7883
9972.3168
9976.544
9981.8969
9985.9445
9990.302
9995.3583
10000.5884
10004.3344
10008.0305
10011.9778
10016.1869
10020.1328
10025.2774
10029.2058
10033.4554
10038.3429
10043.2458
10049.5653
10053.8736
10058.6787
10063.6368
10068.3545
10073.098
10077.6064
10082.8125
10087.0212
10091.7161
10096.893
10102.6745
10107.8065
10112.068
10117.1067
10121.1705
10126.2776
10132.853
10137.6185
10142.4811
10147.8539
10151.8861
10158.1506
10163.0796
10168.3803
10172.9142
10177.3622
10182.3356
10186.3718
10191.2046
10195.0813
10202.7143
10209.1847
10215.6507
10220.7044
10228.0415
10234.7135
10238.9972
10243.5019
10248.207
10252.0408
10256.0774
10260.3869
10264.5849
10268.601
10272.8783
10277.2558
10282.2063
10286.1359
10290.581
10295.0795
10299.6129
10303.7542
10308.9156
10313.7852
10318.8353
10324.2568
10328.6616
10332.9282
10336.8382
10340.8657
10345.5759
10350.7151
10354.7431
10358.5099
10362.5038
10366.5967
10370.5398
10374.6461
10379.2755
10383.5929
10387.3672
10391.9173
10397.1725
10403.4383
10408.6714
10413.8074
10418.4749
10423.0115
10427.4752
10432.5181
10436.7723
10441.7152
10447.9785
10453.8501
10460.0932
10475.2349
10483.2666
10487.0282
10490.7525
10494.672
10499.4094
10503.6856
10509.022
10513.786
10517.8218
10521.3732
10525.4979
10530.2781
10534.2768
10538.6419
10542.333
10546.8449
10550.7289
10555.3238
10560.1478
10565.3245
10569.1532
10572.7662
10576.9357
10581.4298
10585.4736
10589.4851
10593.4992
10597.8816
10602.5142
10606.4337
10610.6134
10616.8619
10621.3915
10625.2601
10630.466
10637.012
10642.0235
10648.7235
10653.3236
10659.751
10666.2292
10671.0106
10675.1745
10680.0152
10686.5898
10692.7328
10697.9702
10702.9599
10707.8292
10713.9043
10720.4077
10725.0197
10730.0614
10736.4906
10744.09
10751.4648
10756.2269
10761.1903
10774.2991
10785.6103
10789.8509
10794.0527
10798.297
10803.3164
10815.1426
10832.0402
10843.6905
10857.8506
10867.8556
10877.8284
10887.1654
10893.2504
10897.925
10901.8399
10905.4613
10909.4829
10915.0648
10919.2322
10923.3947
10928.4173
10933.3307
10939.0264
10945.8469
10951.0543
10955.4322
10959.0745
10963.4668
10969.2072
10972.9952
10976.9389
10982.0954
10986.7655
10991.322
10996.4237
11000.5854
11005.338
11009.9932
11015.1278
11020.675
11025.7022
11029.7706
11035.502
11040.607
11047.462
11055.324
11060.7919
11067.3996
11072.9221
11076.6859
11083.8855
11090.8073
11097.6695
11103.6296
11115.802
11123.5153
11129.594
11134.0336
11137.8962
11141.4433
11145.5923
11149.8087
11153.7997
11157.4457
11161.9974
11166.5444
11170.704
11175.4241
11180.1119
11184.129
11188.291
11193.1491
11198.3353
11202.5717
11206.3218
11211.3266
11216.3881
11220.5686
11225.2866
11234.9198
11241.123
11246.7369
11252.8056
11260.4429
11269.4968
11277.1672
11283.9515
11288.5354
11295.629
11306.2194
11309.7535
11314.6567
11318.9689
11323.82
11329.7536
11336.5601
11341.456
11347.9677
11354.3971
11359.2398
11363.97
11368.1109
11372.0264
11375.78
11379.7818
11384.308
11389.0636
11392.97
11398.396
11403.929
11408.742
11413.2702
11417.4518
11421.7593
11426.5723
11433.6035
11442.0913
11449.8815
11454.467
11458.5481
11462.914
11467.9321
11475.7293
11485.0223
11492.1178
11497.1251
11501.1377
11504.9792
11508.515
11512.1415
11516.422
11519.9195
11523.3397
11527.1223
11531.5483
11536.6588
11541.7785
11548.8371
11553.2149
11558.9278
11564.627
11569.7659
11574.6608
11578.8272
11583.1171
11588.3241
11592.7465
11596.849
11600.9391
11604.8468
11610.0247
11615.7015
11620.0983
11624.7104
11629.3993
11634.8151
11639.7119
11643.6049
11649.9353
11657.1901
11662.456
11668.1885
11674.156
11679.9504
11685.0476
11689.4254
11693.8342
11697.8368
11702.0783
11706.7423
11710.5199
11714.9964
11719.3057
11723.5228
11727.5816
11732.0084
11736.1705
11740.5217
11744.5367
11749.1104
11753.0795
11757.3317
11761.518
11766.5185
11770.1185
11775.3571
11779.8291
11784.4657
11788.6349
11795.8286
11805.9991
11812.6436
11818.6334
11822.571
11826.367
11830.1093
11834.1505
11837.7395
11841.3403
11845.5216
11851.7922
11856.7543
11862.3112
11869.6089
11874.1838
11878.6517
11884.9954
11890.2417
11896.1028
11901.6713
11906.3923
11911.407
11917.0291
11923.1244
11930.4796
11937.2686
11943.26
11949.521
11954.5408
11960.5582
11965.6835
11970.215
11974.9179
11979.1114
11983.6846
11988.3786
11992.2436
11997.5981
12001.5153
12005.475
12009.9835
12014.2716
12018.5744
12022.899
12027.0539
12031.3645
12035.0028
12039.5357
12043.9067
12048.5335
12053.1056
12057.5021
12062.8407
12068.4005
12073.4507
12079.4427
12087.9435
12094.3327
12101.1589
12105.0461
12110.7646
12115.9812
12120.0345
12124.7724
12129.2451
12135.1752
12141.844
12146.1814
12152.857
12159.6315
12167.7042
12173.1273
12177.4954
12183.0719
12188.38
12192.8461
12199.7119
12206.0357
12222.2892
12226.7522
12231.6193
12236.7924
12241.8534
12246.4074
12250.8231
12255.5861
12259.624
12263.6126
12268.0408
12272.0372
12276.3576
12280.6925
12285.2456
12289.429
12293.2279
12298.0734
12301.9869
12306.358
12310.1553
12314.432
12318.0929
12321.8734
12326.062
12332.0517
12337.1055
12341.6772
12347.4048
12355.0213
12359.9537
12365.3073
12370.7883
12376.8554
12383.3082
12390.8219
12395.6009
12403.0349
12407.8244
12412.7612
12418.6632
12422.9341
12426.9585
12431.7419
12437.0405
12442.4507
12448.5909
12453.9384
12461.033
12468.2812
12473.325
12479.066
12484.7497
12489.0207
12494.1099
12500.4692
12505.4027
12511.5062
12516.5531
12520.7357
12525.4324
12530.4186
12534.2284
12540.2351
12544.8194
12551.2761
12557.9993
12562.7675
12567.1439
12571.9051
12577.0499
12584.1863
12593.519
12613.3818
12620.1407
12624.0675
12630.1694
12635.9857
12640.5226
12645.2994
12650.1005
12654.5047
12658.8278
12662.5477
12666.8989
12671.3516
12676.043
12680.2989
12684.6303
12688.9337
12693.2307
12697.9701
12701.6668
12705.5817
12709.4669
12713.5477
12717.5892
12721.4177
12725.7541
12731.5406
12737.7843
12745.8458
12751.6474
12757.4204
12762.841
12767.8344
12771.849
12775.9768
12780.8377
12784.8766
12788.5954
12793.2092
12797.7161
12801.6045
12805.4615
12809.3268
12813.5347
12817.9569
12821.5947
12825.3469
12829.1299
12833.5642
12837.407
12841.2542
12844.963
12849.5772
12853.3713
12857.2885
12861.5153
12866.1082
12871.0993
12875.1226
12879.2608
12883.3029
12887.2724
12890.9324
12894.4662
12898.3879
12901.9569
12905.6629
12909.8255
12913.8349
12918.9104
12928.8134
12940.7283
12948.9466
12962.0343
12972.3204
12981.3735
12988.9039
12996.7588
13000.7213
13004.7136
13010.307
13015.83
13019.7186
13034.1469
